0.000000
0.017449
0.034893
0.052326
0.069743
0.087139
0.104509
0.121846
0.139147
0.156405
0.173616
0.190773
0.207873
0.224909
0.241877
0.258771
0.275587
0.292318
0.308961
0.325509
0.341958
0.358303
0.374539
0.390661
0.406664
0.422544
0.438294
0.453911
0.469390
0.484726
0.499914
0.514951
0.529830
0.544548
0.559100
0.573482
0.587689
0.601718
0.615563
0.629221
0.642687
0.655957
0.669028
0.681895
0.694554
0.707002
0.719235
0.731248
0.743039
0.754604
0.765939
0.777040
0.787905
0.798530
0.808912
0.819048
0.828934
0.838568
0.847947
0.857067
0.865927
0.874522
0.882852
0.890912
0.898702
0.906217
0.913457
0.920419
0.927100
0.933499
0.939614
0.945442
0.950983
0.956234
0.961195
0.965862
0.970235
0.974313
0.978094
0.981578
0.984762
0.987647
0.990230
0.992513
0.994493
0.996170
0.997544
0.998615
0.999381
0.999843
1.000000
0.999853
0.999401
0.998646
0.997586
0.996222
0.994555
0.992585
0.990313
0.987739
0.984865
0.981691
0.978217
0.974446
0.970379
0.966015
0.961358
0.956408
0.951166
0.945635
0.939816
0.933711
0.927322
0.920650
0.913698
0.906468
0.898961
0.891181
0.883130
0.874810
0.866223
0.857372
0.848261
0.838891
0.829266
0.819388
0.809261
0.798887
0.788270
0.777413
0.766320
0.754992
0.743436
0.731652
0.719646
0.707421
0.694980
0.682328
0.669468
0.656404
0.643141
0.629681
0.616030
0.602191
0.588169
0.573967
0.559591
0.545045
0.530332
0.515459
0.500428
0.485244
0.469913
0.454439
0.438827
0.423081
0.407206
0.391207
0.375089
0.358857
0.342515
0.326069
0.309524
0.292885
0.276156
0.259344
0.242452
0.225487
0.208453
0.191355
0.174199
0.156991
0.139734
0.122435
0.105098
0.087730
0.070335
0.052918
0.035485
0.018042
0.000593
-0.016857
-0.034301
-0.051734
-0.069152
-0.086549
-0.103919
-0.121258
-0.138560
-0.155820
-0.173032
-0.190192
-0.207293
-0.224332
-0.241302
-0.258199
-0.275017
-0.291751
-0.308397
-0.324949
-0.341401
-0.357750
-0.373990
-0.390116
-0.406123
-0.422006
-0.437761
-0.453383
-0.468867
-0.484208
-0.499401
-0.514442
-0.529327
-0.544051
-0.558609
-0.572996
-0.587210
-0.601244
-0.615096
-0.628760
-0.642233
-0.655510
-0.668587
-0.681461
-0.694128
-0.706583
-0.718823
-0.730844
-0.742642
-0.754215
-0.765557
-0.776667
-0.787540
-0.798174
-0.808564
-0.818708
-0.828603
-0.838245
-0.847633
-0.856762
-0.865630
-0.874235
-0.882573
-0.890643
-0.898442
-0.905967
-0.913216
-0.920187
-0.926878
-0.933286
-0.939411
-0.945249
-0.950800
-0.956061
-0.961031
-0.965708
-0.970091
-0.974179
-0.977971
-0.981464
-0.984659
-0.987554
-0.990148
-0.992440
-0.994431
-0.996118
-0.997503
-0.998583
-0.999360
-0.999832
-1.000000
-0.999863
-0.999422
-0.998676
-0.997627
-0.996273
-0.994616
-0.992657
-0.990395
-0.987832
-0.984967
-0.981803
-0.978340
-0.974579
-0.970522
-0.966168
-0.961521
-0.956581
-0.951349
-0.945828
-0.940019
-0.933923
-0.927544
-0.920881
-0.913939
-0.906718
-0.899221
-0.891450
-0.883408
-0.875097
-0.866519
-0.857677
-0.848575
-0.839214
-0.829597
-0.819728
-0.809609
-0.799243
-0.788635
-0.777786
-0.766700
-0.755381
-0.743832
-0.732056
-0.720058
-0.707840
-0.695406
-0.682761
-0.669908
-0.656851
-0.643594
-0.630141
-0.616497
-0.602664
-0.588648
-0.574453
-0.560082
-0.545542
-0.530835
-0.515966
-0.500941
-0.485763
-0.470436
-0.454967
-0.439359
-0.423618
-0.407747
-0.391752
-0.375638
-0.359410
-0.343072
-0.326630
-0.310088
-0.293452
-0.276726
-0.259916
-0.243027
-0.226064
-0.209032
-0.191937
-0.174783
-0.157576
-0.140321
-0.123023
-0.105688
-0.088320
-0.070926
-0.053510
-0.036077
-0.018634
-0.001185
